0.01903463710639528
0.026930908336859717
0.05838930260920563
0.018768961971315435
0.05352523800165443
0.038066808063788926
0.02337091444814803
0.05980742207266019
1.1956707754731752
0.02339384427990865
0.016795447115814
0.12800026477179074
0.012812404428731838
0.061247134510384174
0.014598189263622885
0.015910908759812513
0.3813252890317386
1.1356737448829932
0.025957253401784897
0.012996472852964302
1.4022495268007873
0.016977761511222413
0.9423890664172546
1.4142772746975338
0.8710961720405777
0.017136625711637522
0.02051830110442836
0.020809837157079868
0.021812126178846824
0.020210130128728566
0.015624615602101244
0.03706689734615622
0.03166880709818827
0.01717833114442726
0.014251955109173764
0.01648405624208351
0.011330013540239747
0.011371212270708498
0.01667729050119817
0.01516516506046912
0.01805366405828579
0.016875152552435678
1.4045502193867123
0.019686289797996893
0.015954592294977487
0.010599498348759085
0.8160063423066191
0.010926415827881897
0.013530626291080238
1.452356320291014
0.05620064807341407
0.23985040507780298
0.07314170869391604
0.017469417085001736
0.026385022591134087
0.047278581950254764
0.019399311278115762
0.22874965383623191
1.372852681280986
0.07206452807482436
0.10297629796713466
0.01773814653566035
0.0142744710807591
0.016821368404336567
0.24323924190487958
0.00933033892730748
0.02515375282921184
0.014514817551699366
0.01731298333321831
0.018511869325206477
0.025013481662981008
0.3960141406683732
1.479567004054681
0.013999977120934658
0.018884830319942127
0.015274942301047645
0.018844709569137308
0.015542109738348131
0.028502545859535645
0.039963759877863936
0.01095639487969322
0.013979920547197367
0.016260597054102276
0.017180157137650552
0.017310510658123234
0.016308201032322243
0.07801804322880627
0.031468924338420835
0.014260445972493586
0.017706779639414093
0.24978279109340917
0.037805652224344045
0.02660513503271602
0.015154868816225076
0.018068625269958716
0.024365625148524826
0.021417964727007188
0.016496679420995974
0.022274018190918808
0.022572741302062126
0.018411259630832434
0.013987239601166834
0.016348639568892053
0.061934748947933826
0.027154932071616143
0.01934272214575401
0.0350324664420242
0.02015260309808866
0.015468854688000988
0.07612935957251069
